 0 
 27 
 67 
 119 
 177 
 238 
 296 
 348 
 402 
 455 
 513 
 566 
 617 
 673 
 725 
 776 
 822 
 869 
 920 
 975 
 1034 
 1092 
 1151 
 1204 
 1257 
 1309 
 1363 
 1414 
 1467 
 1520 
 1579 
 1635 
 1700 
 1763 
 1822 
 1877 
 1928 
 1978 
 2028 
 2078 
 2129 
 2184 
 2240 
 2294 
 2349 
 2410 
 2461 
 2520 
 2571 
 2621 
 2673 
 2718 
 2765 
 2812 
 2864 
 2911 
 2957 
 3005 
 3053 
 3106 
 3156 
 3207 
 3261 
 3304 
 3355 
 3404 
 3455 
 3502 
 3546 
 3591 
 3631 
 3678 
 3729 
 3779 
 3828 
 3878 
 3926 
 3977 
 4025 
 4070 
 4113 
 4152 
 4189 
 4231 
 4282 
 4335 
 4385 
 4434 
 4485 
 4538 
 4587 
 4640 
 4695 
 4749 
 4804 
 4857 
 4908 
 4955 
 4994 
 5038 
 5091 
 5142 
 5185 
 5232 
 5276 
 5323 
 5374 
 5427 
 5475 
 5520 
 5576 
 5628 
 5679 
 5726 
 5777 
 5827 
 5871 
 5923 
 5972 
 6021 
 6071 
 6120 
 6165 
 6208 
 6245 
 6278 
 6317 
 6363 
 6409 
 6449 
 6495 
 6548 
 6594 
 6630 
 6667 
 6704 
 6746 
 6794 
 6845 
 6888 
 6931 
 6971 
 7013 
 7059 
 7107 
 7153 
 7195 
 7232 
 7268 
 7310 
 7351 
 7399 
 7443 
 7486 
 7525 
 7565 
 7603 
 7646 
 7690 
 7729 
 7773 
 7807 
 7847 
 7882 
 7923 
 7960 
 8002 
 8044 
 8093 
 8143 
 8187 
 8229 
 8268 
 8303 
 8343 
 8380 
 8415 
 8451 
 8494 
 8536 
 8579 
 8626 
 8671 
 8710 
 8751 
 8795 
 8832 
 8868 
 8905 
 8949 
 8995 
 9032 
 9071 
 9109 
 9142 
 9182 
 9219 
 9264 
 9304 
 9348 
 9386 
 9419 
 9457 
 9495 
 9535 
 9576 
 9610 
 9647 
 9685 
 9720 
 9758 
 9798 
 9843 
 9885 
 9932 
 9975 
 10006 
 10042 
 10079 
 10116 
 10155 
 10196 
 10233 
 10266 
 10299 
 10333 
 10375 
 10416 
 10455 
 10490 
 10513 
 10547 
 10583 
 10626 
 10673 
 10720 
 10764 
 10798 
 10835 
 10875 
 10913 
 10947 
 10980 
 11011 
 11050 
 11085 
 11123 
 11163 
 11206 
 11248 
 11290 
 11326 
 11365 
 11403 
 11441 
 11475 
 11514 
 11548 
 11577 
 11614 
 11647 
 11682 
 11713 
 11751 
 11790 
 11830 
 11867 
 11902 
 11935 
 11969 
 12003 
 12038 
 12076 
 12120 
 12162 
 12201 
 12238 
 12275 
 12308 
 12338 
 12368 
 12403 
 12437 
 12464 
 12496 
 12531 
 12565 
 12605 
 12641 
 12674 
 12707 
 12741 
 12775 
 12810 
 12848 
 12884 
 12920 
 12958 
 12989 
 13021 
 13054 
 13086 
 13118 
 13150 
 13177 
 13200 
 13225 
 13248 
 13284 
 13313 
 13341 
 13367 
 13404 
 13436 
 13463 
 13491 
 13525 
 13557 
 13593 
 13625 
 13656 
 13691 
 13717 
 13747 
 13780 
 13810 
 13853 
 13890 
 13929 
 13961 
 13994 
 14028 
 14059 
 14088 
 14121 
 14155 
 14185 
 14214 
 14239 
 14267 
 14295 
 14329 
 14362 
 14388 
 14414 
 14442 
 14464 
 14495 
 14525 
 14551 
 14580 
 14610 
 14634 
 14656 
 14688 
 14719 
 14748 
 14770 
 14802 
 14836 
 14865 
 14896 
 14924 
 14947 
 14975 
 15002 
 15026 
 15060 
 15089 
 15118 
 15149 
 15180 
 15210 
 15233 
 15259 
 15289 
 15315 
 15341 
 15367 
 15398 
 15424 
 15448 
 15471 
 15492 
 15517 
 15537 
 15562 
 15590 
 15614 
 15636 
 15657 
 15684 
 15709 
 15742 
 15769 
 15791 
 15812 
 15833 
 15860 
 15883 
 15909 
 15934 
 15959 
 15987 
 16014 
 16044 
 16070 
 16095 
 16119 
 16148 
 16169 
 16192 
 16214 
 16240 
 16262 
 16276 
 16295 
 16319 
 16343 
 16369 
 16392 
 16419 
 16452 
 16482 
 16513 
 16540 
 16560 
 16588 
 16614 
 16639 
 16665 
 16691 
 16720 
 16746 
 16768 
 16783 
 16798 
 16820 
 16847 
 16869 
 16900 
 16928 
 16952 
 16977 
 17002 
 17030 
 17053 
 17070 
 17090 
 17112 
 17125 
 17143 
 17158 
 17183 
 17209 
 17241 
 17268 
 17298 
 17320 
 17341 
 17361 
 17389 
 17411 
 17438 
 17455 
 17477 
 17495 
 17519 
 17541 
 17565 
 17591 
 17618 
 17645 
 17666 
 17693 
 17714 
 17735 
 17749 
 17766 
 17782 
 17802 
 17821 
 17844 
 17863 
 17880 
 17898 
 17915 
 17942 
 17968 
 17995 
 18017 
 18040 
 18063 
 18088 
 18113 
 18137 
 18156 
 18187 
 18211 
 18234 
 18255 
 18272 
 18290 
 18312 
 18328 
 18350 
 18371 
 18390 
 18413 
 18440 
 18462 
 18482 
 18502 
 18522 
 18539 
 18553 
 18567 
 18585 
 18596 
 18604 
 18617 
 18637 
 18655 
 18673 
 18692 
 18715 
 18731 
 18752 
 18779 
 18803 
 18829 
 18855 
 18883 
 18903 
 18926 
 18951 
 18976 
 19001 
 19024 
 19051 
 19082 
 19107 
 19134 
 19162 
 19184 
 19194 
 19208 
 19227 
 19254 
 19281 
 19304 
 19331 
 19357 
 19385 
 19409 
 19428 
 19449 
 19470 
 19488 
 19509 
 19521 
 19539 
 19556 
 19574 
 19592 
 19609 
 19622 
 19638 
 19653 
 19669 
 19684 
 19696 
 19712 
 19727 
 19742 
 19760 
 19780 
 19796 
 19814 
 19832 
 19848 
 19875 
 19898 
 19915 
 19923 
 19936 
 19944 
 19959 
 19973 
 19990 
 20006 
 20028 
 20048 
 20068 
 20082 
 20103 
 20126 
 20146 
 20166 
 20188 
 20204 
 20220 
 20240 
 20251 
 20270 
 20291 
 20309 
 20330 
 20347 
 20352 
 20359 
 20374 
 20385 
 20400 
 20419 
 20442 
 20462 
 20479 
 20498 
 20520 
 20535 
 20549 
 20563 
 20579 
 20601 
 20620 
 20638 
 20659 
 20683 
 20706 
 20727 
 20747 
 20772 
 20790 
 20814 
 20831 
 20853 
 20869 
 20887 
 20905 
 20920 
 20942 
 20959 
 20970 
 20988 
 21004 
 21016 
 21028 
 21042 
 21057 
 21075 
 21095 
 21115 
 21139 
 21157 
 21179 
 21199 
 21218 
 21239 
 21258 
 21279 
 21295 
 21308 
 21321 
 21332 
 21345 
 21353 
 21364 
 21376 
 21391 
 21406 
 21420 
 21437 
 21455 
 21471 
 21483 
 21490 
 21500 
 21519 
 21539 
 21549 
 21564 
 21579 
 21595 
 21602 
 21610 
 21617 
 21631 
 21642 
 21655 
 21663 
 21679 
 21694 
 21714 
 21735 
 21753 
 21772 
 21784 
 21802 
 21822 
 21842 
 21857 
 21869 
 21881 
 21897 
 21907 
 21920 
 21935 
 21946 
 21958 
 21969 
 21991 
 22012 
 22038 
 22065 
 22087 
 22101 
 22109 
 22123 
 22141 
 22157 
 22168 
 22177 
 22186 
 22196 
 22203 
 22213 
 22221 
 22227 
 22241 
 22258 
 22272 
 22284 
 22296 
 22310 
 22327 
 22342 
 22359 
 22377 
 22392 
 22404 
 22412 
 22419 
 22424 
 22427 
 22443 
 22462 
 22480 
 22495 
 22510 
 22521 
 22531 
 22536 
 22546 
 22559 
 22579 
 22603 
 22620 
 22628 
 22640 
 22652 
 22666 
 22675 
 22682 
 22695 
 22706 
 22715 
 22730 
 22746 
 22754 
 22759 
 22766 
 22777 
 22789 
 22813 
 22832 
 22844 
 22855 
 22868 
 22876 
 22890 
 22907 
 22928 
 22941 
 22951 
 22962 
 22971 
 22984 
 22992 
 23000 
 23011 
 23018 
 23028 
 23039 
 23053 
 23072 
 23085 
 23100 
 23112 
 23123 
 23126 
 23131 
 23140 
 23150 
 23168 
 23182 
 23196 
 23204 
 23213 
 23220 
 23226 
 23240 
 23259 
 23279 
 23288 
 23298 
 23312 
 23327 
 23339 
 23348 
 23359 
 23372 
 23385 
 23401 
 23414 
 23428 
 23443 
 23456 
 23471 
 23481 
 23498 
 23513 
 23531 
 23540 
 23542 
 23548 
 23559 
 23563 
 23572 
 23584 
 23597 
 23606 
 23615 
 23625 
 23642 
 23660 
 23673 
 23688 
 23702 
 23712 
 23722 
 23737 
 23750 
 23755 
 23762 
 23771 
 23782 
 23797 
 23804 
 23815 
 23826 
 23836 
 23840 
 23850 
 23864 
 23875 
 23884 
 23902 
 23915 
 23920 
 23925 
 23927 
 23930 
 23937 
 23946 
 23953 
 23966 
 23984 
 23998 
 24009 
 24017 
 24031 
 24048 
 24058 
 24068 
 24081 
 24092 
 24108 
 24122 
 24135 
 24144 
 24148 
 24157 
 24168 
 24178 
 24187 
 24192 
 24190 
 24183 
 24188 
 24191 
 24195 
 24198 
 24199 
 24206 
 24215 
 24221 
 24229 
 24235 
 24242 
 24245 
 24242 
 24241 
 24246 
 24255 
 24260 
 24272 
 24285 
 24301 
 24318 
 24330 
 24345 
 24354 
 24365 
 24375 
 24385 
 24396 
 24403 
 24409 
 24410 
 24410 
 24415 
 24421 
 24435 
 24445 
 24452 
 24464 
 24477 
 24489 
 24500 
 24513 
 24522 
 24524 
 24528 
 24532 
 24535 
 24541 
 24542 
 24546 
 24543 
 24539 
 24545 
 24547 
 24555 
 24565 
 24577 
 24589 
 24602 
 24619 
 24623 
 24622 
 24609 
 24580 
 24530 
 24450 
 24340 
 24176 
 23926 
 23605 
 23205 
 22736 
 22219 
 21643 
 20990 
 20258 
 19459 
 18632 
 17780 
 16937 
 16089 
 15246 
 14429 
 13646 
 12927 
 12286 
 11697 
 11172 
 10720 
 10328 
 9970 
 9648 
 9359 
 9103 
 8894 
 8735 
 8613 
 8510 
 8440 
 8408 
 8412 
 8428 
 8456 
 8493 
 8539 
 8585 
 8629 
 8669 
 8712 
 8753 
 8794 
 8833 
 8869 
 8906 
 8945 
 8985 
 9020 
 9057 
 9096 
 9133 
 9173 
 9214 
 9256 
 9299 
 9338 
 9380 
 9422 
 9462 
 9506 
 9541 
 9573 
 9609 
 9650 
 9690 
 9730 
 9763 
 9796 
 9835 
 9873 
 9918 
 9960 
 9995 
 10030 
 10064 
 10095 
 10129 
 10160 
 10201 
 10235 
 10270 
 10309 
 10345 
 10384 
 10423 
 10465 
 10508 
 10549 
 10589 
 10626 
 10666 
 10709 
 10750 
 10789 
 10830 
 10873 
 10908 
 10949 
 10991 
 11023 
 11051 
 11082 
 11111 
 11144 
 11175 
 11206 
 11241 
 11278 
 11315 
 11357 
 11397 
 11434 
 11472 
 11514 
 11554 
 11587 
 11621 
 11655 
 11694 
 11732 
 11767 
 11796 
 11831 
 11863 
 11903 
 11941 
 11980 
 12017 
 12047 
 12080 
 12112 
 12146 
 12183 
 12218 
 12255 
 12288 
 12319 
 12350 
 12383 
 12425 
 12459 
 12498 
 12534 
 12578 
 12615 
 12655 
 12691 
 12720 
 12753 
 12782 
 12808 
 12832 
 12860 
 12890 
 12928 
 12957 
 12988 
 13016 
 13042 
 13072 
 13105 
 13133 
 13170 
 13208 
 13235 
 13261 
 13292 
 13317 
 13338 
 13363 
 13389 
 13419 
 13446 
 13468 
 13497 
 13522 
 13550 
 13576 
 13602 
 13627 
 13657 
 13685 
 13714 
 13739 
 13769 
 13802 
 13831 
 13863 
 13894 
 13926 
 13956 
 13990 
 14027 
 14060 
 14091 
 14126 
 14157 
 14182 
 14202 
 14226 
 14245 
 14271 
 14301 
 14336 
 14371 
 14407 
 14440 
 14470 
 14508 
 14540 
 14568 
 14599 
 14633 
 14662 
 14691 
 14721 
 14754 
 14780 
 14801 
 14823 
 14845 
 14872 
 14900 
 14924 
 14947 
 14977 
 15004 
 15034 
 15060 
 15087 
 15110 
 15138 
 15165 
 15194 
 15224 
 15250 
 15280 
 15313 
 15338 
 15362 
 15384 
 15407 
 15426 
 15447 
 15471 
 15494 
 15520 
 15547 
 15571 
 15598 
 15628 
 15657 
 15683 
 15713 
 15742 
 15775 
 15805 
 15827 
 15852 
 15879 
 15899 
 15929 
 15955 
 15985 
 16013 
 16041 
 16066 
 16092 
 16116 
 16135 
 16158 
 16173 
 16194 
 16223 
 16255 
 16285 
 16316 
 16342 
 16364 
 16386 
 16416 
 16449 
 16475 
 16499 
 16529 
 16560 
 16585 
 16606 
 16632 
 16653 
 16676 
 16693 
 16718 
 16742 
 16774 
 16799 
 16821 
 16848 
 16876 
 16901 
 16920 
 16948 
 16972 
 16998 
 17020 
 17041 
 17067 
 17094 
 17120 
 17142 
 17160 
 17185 
 17216 
 17239 
 17263 
 17289 
 17311 
 17336 
 17373 
 17399 
 17426 
 17458 
 17493 
 17526 
 17547 
 17571 
 17596 
 17611 
 17625 
 17648 
 17669 
 17689 
 17709 
 17735 
 17762 
 17790 
 17807 
 17821 
 17834 
 17854 
 17877 
 17899 
 17913 
 17928 
 17945 
 17965 
 17990 
 18015 
 18039 
 18060 
 18082 
 18112 
 18137 
 18161 
 18188 
 18213 
 18233 
 18254 
 18277 
 18303 
 18329 
 18354 
 18375 
 18393 
 18401 
 18424 
 18447 
 18465 
 18476 
 18499 
 18520 
 18542 
 18559 
 18584 
 18603 
 18627 
 18651 
 18675 
 18699 
 18720 
 18742 
 18765 
 18786 
 18809 
 18826 
 18845 
 18865 
 18891 
 18914 
 18934 
 18953 
 18971 
 18988 
 19009 
 19030 
 19051 
 19071 
 19091 
 19104 
 19126 
 19156 
 19177 
 19200 
 19228 
 19246 
 19263 
 19281 
 19296 
 19310 
 19332 
 19351 
 19368 
 19392 
 19407 
 19419 
 19436 
 19452 
 19470 
 19486 
 19508 
 19531 
 19546 
 19565 
 19587 
 19610 
 19631 
 19659 
 19682 
 19702 
 19718 
 19735 
 19750 
 19765 
 19787 
 19811 
 19828 
 19846 
 19868 
 19886 
 19907 
 19925 
 19942 
 19954 
 19975 
 19996 
 20018 
 20036 
 20054 
 20061 
 20072 
 20084 
 20094 
 20106 
 20128 
 20145 
 20158 
 20176 
 20193 
 20210 
 20226 
 20244 
 20262 
 20277 
 20292 
 20309 
 20329 
 20348 
 20368 
 20390 
 20407 
 20427 
 20448 
 20475 
 20495 
 20509 
 20523 
 20539 
 20553 
 20570 
 20583 
 20597 
 20607 
 20621 
 20636 
 20655 
 20678 
 20695 
 20712 
 20721 
 20728 
 20742 
 20755 
 20778 
 20793 
 20808 
 20824 
 20840 
 20861 
 20875 
 20885 
 20903 
 20918 
 20941 
 20960 
 20978 
 20991 
 20999 
 21013 
 21031 
 21054 
 21077 
 21092 
 21103 
 21116 
 21129 
 21150 
 21166 
 21188 
 21201 
 21215 
 21232 
 21245 
 21261 
 21285 
 21309 
 21329 
 21354 
 21369 
 21384 
 21401 
 21416 
 21429 
 21439 
 21457 
 21476 
 21498 
 21513 
 21526 
 21536 
 21547 
 21560 
 21571 
 21587 
 21602 
 21623 
 21636 
 21649 
 21666 
 21683 
 21701 
 21715 
 21725 
 21730 
 21735 
 21745 
 21753 
 21760 
 21773 
 21788 
 21810 
 21829 
 21841 
 21852 
 21864 
 21879 
 21896 
 21908 
 21924 
 21931 
 21940 
 21954 
 21972 
 21993 
 22011 
 22030 
 22048 
 22059 
 22078 
 22096 
 22109 
 22125 
 22139 
 22150 
 22156 
 22161 
 22168 
 22174 
 22185 
 22201 
 22215 
 22224 
 22237 
 22248 
 22264 
 22273 
 22285 
 22304 
 22323 
 22339 
 22354 
 22367 
 22383 
 22399 
 22413 
 22427 
 22433 
 22440 
 22446 
 22454 
 22472 
 22490 
 22510 
 22526 
 22541 
 22554 
 22565 
 22580 
 22596 
 22614 
 22626 
 22635 
 22648 
 22665 
 22676 
 22686 
 22692 
 22701 
 22709 
 22720 
 22731 
 22744 
 22757 
 22775 
 22786 
 22797 
 22808 
 22816 
 22827 
 22838 
 22852 
 22858 
 22867 
 22874 
 22888 
 22891 
 22898 
 22910 
 22923 
 22939 
 22953 
 22971 
 22993 
 23010 
 23027 
 23041 
 23052 
 23064 
 23073 
 23084 
 23090 
 23101 
 23111 
 23134 
 23154 
 23170 
 23186 
 23202 
 23217 
 23236 
 23250 
 23264 
 23275 
 23281 
 23285 
 23289 
 23299 
 23308 
 23317 
 23322 
 23333 
 23343 
 23361 
 23373 
 23383 
 23394 
 23411 
 23424 
 23428 
 23434 
 23447 
 23458 
 23473 
 23488 
 23500 
 23517 
 23528 
 23540 
 23550 
 23561 
 23569 
 23575 
 23585 
 23598 
 23611 
 23622 
 23630 
 23632 
 23640 
 23647 
 23656 
 23669 
 23680 
 23694 
 23712 
 23721 
 23710 
 23692 
 23668 
 23639 
 23598 
 23538 
 23467 
 23373 
 23250 
 23082 
 22867 
 22616 
 22294 
 21919 
 21490 
 21026 
 20547 
 20038 
 19506 
 18948 
 18372 
 17778 
 17175 
 16567 
 15951 
 15344 
 14797 
 14303 
 13844 
 13416 
 13022 
 12668 
 12359 
 12094 
 11887 
 11745 
 11653 
 11603 
 11600 
 11618 
 11640 
 11663 
 11692 
 11723 
 11749 
 11783 
 11813 
 11846 
 11883 
 11916 
 11948 
 11977 
 12012 
 12045 
 12078 
 12114 
 12143 
 12178 
 12207 
 12246 
 12280 
 12314 
 12343 
 12373 
 12405 
 12437 
 12469 
 12497 
 12532 
 12569 
 12600 
 12637 
 12669 
 12704 
 12740 
 12777 
 12809 
 12842 
 12871 
 12902 
 12933 
 12968 
 12995 
 13021 
 13050 
 13073 
 13095 
 13116 
 13145 
 13182 
 13225 
 13260 
 13290 
 13323 
 13357 
 13396 
 13424 
 13455 
 13488 
 13522 
 13551 
 13578 
 13605 
 13627 
 13652 
 13685 
 13709 
 13738 
 13771 
 13797 
 13823 
 13853 
 13887 
 13924 
 13954 
 13983 
 14010 
 14039 
 14067 
 14100 
 14131 
 14155 
 14185 
 14214 
 14244 
 14267 
 14293 
 14316 
 14344 
 14377 
 14408 
 14434 
 14461 
 14488 
 14513 
 14534 
 14556 
 14578 
 14607 
 14633 
 14657 
 14680 
 14701 
 14728 
 14750 
 14774 
 14799 
 14824 
 14851 
 14876 
 14912 
 14938 
 14965 
 14993 
 15021 
 15052 
 15084 
 15115 
 15145 
 15172 
 15197 
 15223 
 15247 
 15272 
 15299 
 15317 
 15335 
 15359 
 15388 
 15410 
 15431 
 15455 
 15482 
 15505 
 15531 
 15556 
 15580 
 15606 
 15629 
 15654 
 15679 
 15698 
 15716 
 15739 
 15765 
 15788 
 15815 
 15836 
 15855 
 15875 
 15901 
 15924 
 15953 
 15978 
 16000 
 16025 
 16048 
 16074 
 16101 
 16126 
 16146 
 16166 
 16187 
 16213 
 16240 
 16267 
 16294 
 16318 
 16345 
 16364 
 16388 
 16412 
 16441 
 16468 
 16495 
 16522 
 16550 
 16577 
 16596 
 16617 
 16641 
 16664 
 16688 
 16715 
 16742 
 16764 
 16788 
 16818 
 16844 
 16867 
 16890 
 16917 
 16948 
 16982 
 17011 
 17045 
 17073 
 17100 
 17127 
 17154 
 17180 
 17206 
 17226 
 17245 
 17266 
 17297 
 17324 
 17350 
 17381 
 17410 
 17442 
 17464 
 17486 
 17505 
 17530 
 17554 
 17578 
 17603 
 17627 
 17651 
 17676 
 17701 
 17724 
 17740 
 17756 
 17774 
 17796 
 17823 
 17856 
 17882 
 17906 
 17930 
 17959 
 17991 
 18017 
 18037 
 18058 
 18086 
 18106 
 18125 
 18148 
 18176 
 18207 
 18233 
 18255 
 18275 
 18299 
 18318 
 18345 
 18371 
 18396 
 18418 
 18442 
 18464 
 18489 
 18505 
 18524 
 18547 
 18580 
 18606 
 18629 
 18661 
 18688 
 18716 
 18738 
 18760 
 18782 
 18799 
 18812 
 18832 
 18852 
 18869 
 18892 
 18912 
 18931 
 18950 
 18962 
 18980 
 19005 
 19024 
 19041 
 19065 
 19087 
 19102 
 19123 
 19147 
 19169 
 19188 
 19210 
 19231 
 19253 
 19276 
 19304 
 19329 
 19359 
 19389 
 19411 
 19436 
 19464 
 19490 
 19515 
 19532 
 19551 
 19572 
 19592 
 19605 
 19620 
 19642 
 19664 
 19690 
 19715 
 19739 
 19762 
 19786 
 19801 
 19812 
 19828 
 19850 
 19865 
 19890 
 19913 
 19941 
 19968 
 19987 
 20003 
 20022 
 20041 
 20061 
 20081 
 20103 
 20130 
 20152 
 20173 
 20189 
 20202 
 20221 
 20238 
 20255 
 20272 
 20287 
 20302 
 20310 
 20317 
 20330 
 20343 
 20360 
 20378 
 20395 
 20411 
 20429 
 20446 
 20461 
 20479 
 20488 
 20501 
 20512 
 20525 
 20537 
 20553 
 20566 
 20577 
 20593 
 20608 
 20618 
 20629 
 20642 
 20657 
 20676 
 20695 
 20715 
 20731 
 20749 
 20760 
 20775 
 20786 
 20793 
 20808 
 20822 
 20836 
 20858 
 20876 
 20895 
 20909 
 20922 
 20935 
 20954 
 20978 
 20996 
 21016 
 21039 
 21055 
 21075 
 21089 
 21109 
 21132 
 21155 
 21176 
 21195 
 21209 
 21229 
 21248 
 21266 
 21287 
 21304 
 21318 
 21331 
 21341 
 21352 
 21365 
 21378 
 21398 
 21421 
 21437 
 21459 
 21476 
 21494 
 21511 
 21530 
 21554 
 21576 
 21597 
 21618 
 21637 
 21653 
 21668 
 21682 
 21694 
 21703 
 21713 
 21724 
 21735 
 21744 
 21753 
 21768 
 21782 
 21796 
 21806 
 21817 
 21831 
 21843 
 21853 
 21862 
 21876 
 21882 
 21898 
 21911 
 21925 
 21938 
 21951 
 21965 
 21978 
 21989 
 22007 
 22023 
 22036 
 22045 
 22058 
 22078 
 22102 
 22120 
 22141 
 22157 
 22177 
 22196 
 22213 
 22224 
 22236 
 22249 
 22262 
 22283 
 22302 
 22316 
 22328 
 22342 
 22358 
 22372 
 22383 
 22396 
 22411 
 22428 
 22442 
 22448 
 22457 
 22470 
 22482 
 22496 
 22510 
 22525 
 22534 
 22541 
 22548 
 22553 
 22558 
 22567 
 22576 
 22583 
 22592 
 22601 
 22611 
 22619 
 22637 
 22653 
 22668 
 22679 
 22696 
 22713 
 22728 
 22741 
 22760 
 22774 
 22789 
 22801 
 22814 
 22820 
 22826 
 22838 
 22852 
 22861 
 22872 
 22880 
 22894 
 22909 
 22916 
 22920 
 22928 
 22942 
 22956 
 22971 
 22986 
 23003 
 23017 
 23028 
 23037 
 23046 
 23055 
 23066 
 23081 
 23096 
 23111 
 23126 
 23133 
 23144 
 23160 
 23175 
 23190 
 23203 
 23216 
 23230 
 23241 
 23245 
 23250 
 23255 
 23259 
 23262 
 23269 
 23277 
 23285 
 23294 
 23304 
 23312 
 23316 
 23318 
 23325 
 23335 
 23348 
 23359 
 23366 
 23373 
 23382 
 23399 
 23411 
 23422 
 23435 
 23451 
 23468 
 23487 
 23502 
 23518 
 23533 
 23547 
 23557 
 23565 
 23572 
 23585 
 23603 
 23619 
 23634 
 23637 
 23643 
 23654 
 23663 
 23671 
 23682 
 23693 
 23704 
 23718 
 23736 
 23751 
 23763 
 23778 
 23791 
 23805 
 23815 
 23821 
 23834 
 23848 
 23859 
 23871 
 23877 
 23883 
 23894 
 23894 
 23887 
 23876 
 23871 
 23872 
 23872 
 23867 
 23865 
 23868 
 23874 
 23884 
 23894 
 23910 
 23926 
 23941 
 23956 
 23974 
 23988 
 23998 
 24014 
 24028 
 24044 
 24057 
 24066 
 24076 
 24086 
 24093 
 24105 
 24118 
 24123 
 24132 
 24136 
 24142 
 24150 
 24162 
 24169 
 24179 
 24190 
 24193 
 24187 
 24165 
 24119 
 24035 
 23907 
 23714 
 23459 
 23145 
 22758 
 22306 
 21772 
 21175 
 20536 
 19895 
 19240 
 18564 
 17869 
 17185 
 16509 
 15858 
 15229 
 14616 
 14022 
 13490 
 13027 
 12609 
 12232 
 11876 
 11563 
 11279 
 11033 
 10818 
 10633 
 10472 
 10354 
 10274 
 10236 
 10235 
 10251 
 10278 
 10312 
 10351 
 10391 
 10426 
 10457 
 10488 
 10526 
 10566 
 10608 
 10646 
 10682 
 10720 
 10756 
 10794 
 10831 
 10871 
 10905 
 10937 
 10973 
 11007 
 11041 
 11073 
 11105 
 11147 
 11183 
 11221 
 11264 
 11306 
 11343 
 11382 
 11423 
 11461 
 11499 
 11534 
 11573 
 11605 
 11636 
 11671 
 11702 
 11734 
 11770 
 11805 
 11843 
 11875 
 11904 
 11935 
 11970 
 12010 
 12048 
 12085 
 12117 
 12146 
 12184 
 12226 
 12265 
 12298 
 12334 
 12370 
 12402 
 12430 
 12457 
 12490 
 12525 
 12561 
 12605 
 12637 
 12674 
 12710 
 12742 
 12774 
 12809 
 12843 
 12873 
 12907 
 12938 
 12969 
 12997 
 13021 
 13052 
 13081 
 13105 
 13138 
 13175 
 13207 
 13243 
 13275 
 13303 
 13333 
 13358 
 13389 
 13426 
 13458 
 13499 
 13533 
 13566 
 13595 
 13628 
 13658 
 13691 
 13726 
 13764 
 13797 
 13827 
 13861 
 13896 
 13929 
 13958 
 13990 
 14019 
 14048 
 14079 
 14105 
 14132 
 14164 
 14190 
 14219 
 14246 
 14272 
 14300 
 14329 
 14354 
 14378 
 14405 
 14434 
 14467 
 14503 
 14535 
 14568 
 14594 
 14623 
 14652 
 14678 
 14705 
 14740 
 14778 
 14810 
 14844 
 14874 
 14901 
 14921 
 14945 
 14973 
 15001 
 15021 
 15044 
 15068 
 15093 
 15119 
 15154 
 15186 
 15213 
 15238 
 15263 
 15291 
 15319 
 15340 
 15363 
 15383 
 15408 
 15436 
 15468 
 15497 
 15525 
 15555 
 15582 
 15615 
 15646 
 15671 
 15694 
 15718 
 15744 
 15766 
 15795 
 15819 
 15842 
 15863 
 15886 
 15908 
 15929 
 15946 
 15969 
 15995 
 16015 
 16030 
 16052 
 16080 
 16110 
 16143 
 16174 
 16207 
 16238 
 16261 
 16284 
 16315 
 16355 
 16396 
 16435 
 16473 
 16510 
 16542 
 16562 
 16592 
 16619 
 16643 
 16669 
 16693 
 16717 
 16736 
 16764 
 16786 
 16808 
 16834 
 16855 
 16876 
 16902 
 16927 
 16948 
 16968 
 16996 
 17030 
 17058 
 17082 
 17111 
 17145 
 17167 
 17188 
 17213 
 17240 
 17266 
 17293 
 17319 
 17349 
 17367 
 17382 
 17400 
 17421 
 17447 
 17468 
 17490 
 17514 
 17540 
 17570 
 17585 
 17603 
 17625 
 17646 
 17664 
 17679 
 17702 
 17724 
 17752 
 17773 
 17795 
 17818 
 17844 
 17861 
 17870 
 17888 
 17907 
 17927 
 17948 
 17967 
 17989 
 18005 
 18033 
 18065 
 18093 
 18110 
 18135 
 18164 
 18191 
 18216 
 18240 
 18265 
 18285 
 18299 
 18319 
 18342 
 18366 
 18404 
 18437 
 18464 
 18489 
 18518 
 18542 
 18563 
 18580 
 18602 
 18622 
 18646 
 18672 
 18689 
 18717 
 18737 
 18759 
 18782 
 18808 
 18826 
 18853 
 18880 
 18906 
 18925 
 18946 
 18961 
 18979 
 18996 
 19012 
 19027 
 19046 
 19062 
 19076 
 19089 
 19102 
 19116 
 19136 
 19153 
 19169 
 19180 
 19198 
 19218 
 19243 
 19254 
 19269 
 19284 
 19305 
 19328 
 19345 
 19368 
 19388 
 19400 
 19413 
 19437 
 19457 
 19475 
 19496 
 19520 
 19547 
 19574 
 19605 
 19630 
 19655 
 19681 
 19708 
 19736 
 19761 
 19779 
 19793 
 19807 
 19814 
 19829 
 19845 
 19857 
 19866 
 19876 
 19888 
 19900 
 19920 
 19929 
 19939 
 19956 
 19980 
 20002 
 20030 
 20058 
 20084 
 20102 
 20122 
 20138 
 20161 
 20176 
 20195 
 20220 
 20238 
 20259 
 20281 
 20301 
 20317 
 20335 
 20357 
 20375 
 20388 
 20403 
 20420 
 20431 
 20445 
 20465 
 20489 
 20511 
 20532 
 20551 
 20565 
 20581 
 20597 
 20611 
 20631 
 20652 
 20665 
 20682 
 20698 
 20707 
 20717 
 20733 
 20748 
 20766 
 20788 
 20806 
 20828 
 20849 
 20865 
 20876 
 20891 
 20908 
 20931 
 20957 
 20973 
 20996 
 21024 
 21043 
 21057 
 21073 
 21095 
 21109 
 21123 
 21133 
 21152 
 21166 
 21177 
 21192 
 21214 
 21234 
 21250 
 21271 
 21294 
 21321 
 21342 
 21359 
 21378 
 21393 
 21407 
 21425 
 21445 
 21466 
 21483 
 21507 
 21524 
 21539 
 21562 
 21576 
 21594 
 21615 
 21632 
 21647 
 21668 
 21684 
 21696 
 21704 
 21716 
 21730 
 21737 
 21749 
 21762 
 21766 
 21784 
 21806 
 21819 
 21837 
 21860 
 21874 
 21886 
 21905 
 21923 
 21937 
 21953 
 21970 
 21985 
 22002 
 22020 
 22037 
 22050 
 22059 
 22066 
 22075 
 22086 
 22100 
 22110 
 22122 
 22129 
 22140 
 22149 
 22166 
 22181 
 22194 
 22202 
 22214 
 22223 
 22239 
 22258 
 22278 
 22294 
 22308 
 22324 
 22340 
 22357 
 22366 
 22374 
 22383 
 22400 
 22419 
 22436 
 22450 
 22465 
 22479 
 22489 
 22500 
 22514 
 22526 
 22543 
 22558 
 22569 
 22578 
 22587 
 22597 
 22605 
 22615 
 22627 
 22640 
 22648 
 22663 
 22682 
 22699 
 22709 
 22717 
 22729 
 22740 
 22751 
 22768 
 22785 
 22796 
 22811 
 22816 
 22818 
 22832 
 22851 
 22870 
 22886 
 22899 
 22911 
 22919 
 22932 
 22950 
 22966 
 22983 
 22992 
 23005 
 23009 
 23015 
 23027 
 23035 
 23042 
 23057 
 23069 
 23078 
 23089 
 23102 
 23114 
 23129 
 23141 
 23157 
 23174 
 23183 
 23196 
 23208 
 23218 
 23223 
 23231 
 23239 
 23249 
 23262 
 23273 
 23285 
 23297 
 23305 
 23312 
 23326 
 23338 
 23348 
 23360 
 23373 
 23381 
 23392 
 23404 
 23411 
 23419 
 23435 
 23451 
 23464 
 23470 
 23481 
 23500 
 23521 
 23528 
 23543 
 23561 
 23578 
 23597 
 23610 
 23618 
 23626 
 23634 
 23641 
 23652 
 23661 
 23668 
 23675 
 23675 
 23684 
 23693 
 23700 
 23714 
 23730 
 23741 
 23753 
 23763 
 23772 
 23783 
 23791 
 23798 
 23813 
 23829 
 23843 
 23855 
 23863 
 23876 
 23889 
 23905 
 23918 
 23929 
 23943 
 23955 
 23970 
 23983 
 23994 
 24004 
 24017 
 24030 
 24042 
 24050 
 24063 
 24077 
 24086 
 24097 
 24112 
 24123 
 24137 
 24157 
 24172 
 24187 
 24203 
 24219 
 24229 
 24235 
 24237 
 24240 
 24255 
 24267 
 24279 
 24286 
 24294 
 24303 
 24307 
 24313 
 24313 
 24308 
 24309 
 24311 
 24318 
 24325 
 24340 
 24353 
 24372 
 24388 
 24399 
 24405 
 24412 
 24418 
 24431 
 24448 
 24464 
 24478 
 24486 
 24501 
 24514 
 24522 
 24533 
 24545 
 24553 
 24568 
 24578 
 24589 
 24598 
 24603 
 24609 
 24625 
 24634 
 24636 
 24646 
 24658 
 24663 
 24676 
 24680 
 24678 
 24679 
 24680 
 24682 
 24684 
 24689 
 24694 
 24700 
 24704 
 24715 
 24728 
 24736 
 24746 
 24752 
 24763 
 24763 
 24754 
 24728 
 24681 
 24598 
 24471 
 24299 
 24068 
 23765 
 23394 
 22952 
 22429 
 21817 
 21168 
 20491 
 19776 
 19025 
 18218 
 17366 
 16506 
 15643 
 14788 
 13956 
 13167 
 12457 
 11849 
 11334 
 10899 
 10526 
 10213 
 9947 
 9744 
 9586 
 9469 
 9398 
 9378 
 9385 
 9405 
 9434 
 9474 
 9513 
 9558 
 9603 
 9648 
 9693 
 9726 
 9762 
 9802 
 9836 
 9865 
 9902 
 9943 
 9986 
 10017 
 10048 
 10080 
 10115 
 10151 
 10186 
 10227 
 10268 
 10307 
 10345 
 10382 
 10420 
 10457 
 10489 
 10526 
 10559 
 10594 
 10631 
 10665 
 10706 
 10747 
 10786 
 10819 
 10858 
 10899 
 10939 
 10979 
 11017 
 11053 
 11093 
 11125 
 11152 
 11177 
 11201 
 11225 
 11253 
 11286 
 11317 
 11351 
 11383 
 11415 
 11450 
 11492 
 11528 
 11559 
 11591 
 11624 
 11665 
 11708 
 11745 
 11790 
 11832 
 11875 
 11914 
 11950 
 11988 
 12021 
 12052 
 12083 
 12114 
 12145 
 12181 
 12214 
 12246 
 12276 
 12306 
 12345 
 12385 
 12421 
 12456 
 12489 
 12517 
 12546 
 12578 
 12611 
 12644 
 12676 
 12708 
 12743 
 12774 
 12803 
 12838 
 12875 
 12907 
 12937 
 12965 
 12995 
 13027 
 13053 
 13083 
 13109 
 13138 
 13172 
 13201 
 13229 
 13255 
 13283 
 13314 
 13342 
 13373 
 13403 
 13430 
 13456 
 13492 
 13525 
 13558 
 13585 
 13609 
 13637 
 13671 
 13707 
 13738 
 13764 
 13793 
 13818 
 13848 
 13883 
 13909 
 13933 
 13954 
 13984 
 14018 
 14050 
 14084 
 14120 
 14148 
 14174 
 14202 
 14236 
 14272 
 14308 
 14341 
 14375 
 14404 
 14439 
 14472 
 14504 
 14533 
 14564 
 14596 
 14625 
 14649 
 14672 
 14702 
 14733 
 14764 
 14793 
 14816 
 14840 
 14870 
 14900 
 14931 
 14965 
 14994 
 15021 
 15048 
 15079 
 15103 
 15136 
 15163 
 15190 
 15217 
 15248 
 15274 
 15301 
 15328 
 15356 
 15377 
 15397 
 15424 
 15453 
 15475 
 15497 
 15522 
 15546 
 15567 
 15595 
 15621 
 15648 
 15674 
 15697 
 15722 
 15751 
 15782 
 15810 
 15835 
 15858 
 15882 
 15905 
 15930 
 15954 
 15980 
 16007 
 16028 
 16063 
 16091 
 16114 
 16143 
 16169 
 16195 
 16216 
 16240 
 16264 
 16289 
 16315 
 16337 
 16354 
 16379 
 16405 
 16431 
 16448 
 16465 
 16489 
 16508 
 16528 
 16544 
 16560 
 16584 
 16609 
 16630 
 16645 
 16664 
 16689 
 16708 
 16730 
 16756 
 16787 
 16814 
 16833 
 16848 
 16871 
 16897 
 16924 
 16950 
 16971 
 16994 
 17016 
 17033 
 17060 
 17087 
 17111 
 17132 
 17159 
 17185 
 17209 
 17234 
 17257 
 17278 
 17292 
 17310 
 17334 
 17355 
 17380 
 17403 
 17427 
 17454 
 17471 
 17498 
 17519 
 17539 
 17560 
 17589 
 17618 
 17643 
 17670 
 17693 
 17717 
 17743 
 17765 
 17788 
 17809 
 17836 
 17861 
 17884 
 17906 
 17929 
 17951 
 17980 
 18008 
 18037 
 18061 
 18085 
 18107 
 18127 
 18155 
 18186 
 18223 
 18258 
 18285 
 18306 
 18325 
 18347 
 18371 
 18382 
 18394 
 18411 
 18428 
 18443 
 18468 
 18493 
 18512 
 18529 
 18542 
 18561 
 18577 
 18593 
 18610 
 18627 
 18647 
 18663 
 18681 
 18704 
 18726 
 18741 
 18755 
 18772 
 18778 
 18793 
 18814 
 18836 
 18858 
 18873 
 18888 
 18904 
 18928 
 18954 
 18969 
 18983 
 18998 
 19021 
 19042 
 19064 
 19080 
 19097 
 19120 
 19145 
 19167 
 19188 
 19209 
 19225 
 19238 
 19252 
 19263 
 19275 
 19285 
 19302 
 19323 
 19347 
 19373 
 19392 
 19404 
 19426 
 19450 
 19470 
 19491 
 19503 
 19513 
 19528 
 19547 
 19570 
 19590 
 19615 
 19640 
 19655 
 19667 
 19684 
 19701 
 19720 
 19741 
 19769 
 19792 
 19812 
 19831 
 19844 
 19856 
 19873 
 19896 
 19917 
 19934 
 19953 
 19974 
 19996 
 20021 
 20042 
 20058 
 20073 
 20088 
 20106 
 20122 
 20137 
 20156 
 20169 
 20184 
 20199 
 20216 
 20234 
 20252 
 20272 
 20291 
 20308 
 20325 
 20341 
 20356 
 20371 
 20391 
 20407 
 20423 
 20435 
 20441 
 20462 
 20481 
 20498 
 20513 
 20536 
 20553 
 20566 
 20579 
 20593 
 20613 
 20638 
 20654 
 20674 
 20691 
 20708 
 20724 
 20734 
 20748 
 20762 
 20778 
 20800 
 20818 
 20833 
 20852 
 20874 
 20894 
 20910 
 20928 
 20944 
 20956 
 20969 
 20978 
 20995 
 21015 
 21036 
 21057 
 21076 
 21097 
 21110 
 21127 
 21144 
 21159 
 21173 
 21194 
 21209 
 21224 
 21245 
 21271 
 21289 
 21308 
 21326 
 21342 
 21360 
 21383 
 21398 
 21418 
 21434 
 21451 
 21472 
 21490 
 21510 
 21521 
 21530 
 21537 
 21549 
 21566 
 21582 
 21599 
 21620 
 21645 
 21662 
 21684 
 21700 
 21710 
 21723 
 21734 
 21741 
 21747 
 21761 
 21774 
 21787 
 21805 
 21826 
 21841 
 21854 
 21871 
 21883 
 21900 
 21912 
 21937 
 21959 
 21983 
 21998 
 22013 
 22029 
 22047 
 22066 
 22080 
 22092 
 22105 
 22120 
 22129 
 22141 
 22152 
 22173 
 22192 
 22214 
 22232 
 22250 
 22259 
 22268 
 22276 
 22284 
 22285 
 22295 
 22304 
 22313 
 22328 
 22343 
 22359 
 22370 
 22376 
 22386 
 22397 
 22416 
 22434 
 22447 
 22461 
 22480 
 22498 
 22509 
 22523 
 22537 
 22548 
 22557 
 22562 
 22575 
 22589 
 22600 
 22614 
 22628 
 22643 
 22657 
 22669 
 22676 
 22685 
 22697 
 22710 
 22718 
 22735 
 22751 
 22765 
 22781 
 22795 
 22811 
 22825 
 22836 
 22844 
 22853 
 22865 
 22883 
 22900 
 22917 
 22930 
 22947 
 22963 
 22977 
 22992 
 22997 
 22994 
 23006 
 23018 
 23034 
 23051 
 23070 
 23081 
 23102 
 23117 
 23136 
 23159 
 23175 
 23188 
 23204 
 23219 
 23237 
 23251 
 23263 
 23279 
 23290 
 23299 
 23301 
 23314 
 23323 
 23335 
 23350 
 23365 
 23375 
 23386 
 23398 
 23414 
 23434 
 23447 
 23459 
 23467 
 23480 
 23494 
 23509 
 23517 
 23523 
 23538 
 23557 
 23573 
 23587 
 23600 
 23612 
 23622 
 23626 
 23632 
 23639 
 23650 
 23657 
 23667 
 23670 
 23684 
 23693 
 23705 
 23717 
 23729 
 23744 
 23760 
 23773 
 23786 
 23804 
 23823 
 23838 
 23850 
 23863 
 23875 
 23885 
 23895 
 23903 
 23915 
 23929 
 23940 
 23946 
 23954 
 23967 
 23977 
 23988 
 23989 
 24004 
 24015 
 24016 
 24017 
 24020 
 24027 
 24032 
 24035 
 24044 
 24060 
 24077 
 24089 
 24103 
 24112 
 24119 
 24126 
 24137 
 24151 
 24162 
 24173 
 24187 
 24201 
 24214 
 24233 
 24249 
 24264 
 24279 
 24280 
 24284 
 24281 
 24281 
 24291 
 24298 
 24309 
 24322 
 24335 
 24348 
 24362 
 24373 
 24380 
 24386 
 24394 
 24404 
 24424 
 24437 
 24451 
 24466 
 24484 
 24501 
 24514 
 24522 
 24531 
 24539 
 24542 
 24546 
 24556 
 24566 
 24580 
 24588 
 24602 
 24611 
 24624 
 24634 
 24640 
 24645 
 24650 
 24655 
 24660 
 24673 
 24682 
 24685 
 24692 
 24709 
 24723 
 24733 
 24737 
 24733 
 24703 
 24642 
 24522 
 24351 
 24125 
 23849 
 23518 
 23119 
 22656 
 22110 
 21484 
 20812 
 20145 
 19459 
 18750 
 18013 
 17267 
 16525 
 15819 
 15156 
 14534 
 13947 
 13379 
 12857 
 12377 
 11936 
 11538 
 11170 
 10821 
 10492 
 10203 
 9967 
 9779 
 9647 
 9553 
 9502 
 9497 
 9515 
 9541 
 9572 
 9608 
 9645 
 9684 
 9726 
 9771 
 9806 
 9844 
 9880 
 9923 
 9964 
 10001 
 10042 
 10079 
 10115 
 10146 
 10181 
 10217 
 10250 
 10279 
 10313 
 10356 
 10391 
 10421 
 10453 
 10480 
 10516 
 10553 
 10588 
 10624 
 10661 
 10700 
 10741 
 10781 
 10822 
 10864 
 10897 
 10933 
 10968 
 11001 
 11028 
 11057 
 11088 
 11117 
 11142 
 11174 
 11209 
 11239 
 11266 
 11305 
 11345 
 11385 
 11426 
 11465 
 11505 
 11542 
 11581 
 11617 
 11647 
 11685 
 11725 
 11770 
 11818 
 11858 
 11891 
 11924 
 11958 
 12000 
 12034 
 12069 
 12105 
 12141 
 12169 
 12197 
 12226 
 12251 
 12280 
 12312 
 12343 
 12377 
 12412 
 12443 
 12473 
 12497 
 12520 
 12551 
 12581 
 12611 
 12639 
 12666 
 12703 
 12734 
 12768 
 12794 
 12830 
 12864 
 12893 
 12925 
 12961 
 12992 
 13027 
 13059 
 13089 
 13125 
 13160 
 13187 
 13213 
 13250 
 13280 
 13310 
 13340 
 13366 
 13396 
 13428 
 13460 
 13495 
 13527 
 13564 
 13602 
 13638 
 13679 
 13714 
 13748 
 13791 
 13822 
 13853 
 13881 
 13914 
 13943 
 13972 
 13997 
 14021 
 14046 
 14070 
 14094 
 14115 
 14147 
 14180 
 14208 
 14238 
 14277 
 14310 
 14342 
 14376 
 14410 
 14442 
 14478 
 14505 
 14536 
 14567 
 14593 
 14625 
 14652 
 14676 
 14702 
 14726 
 14748 
 14774 
 14800 
 14824 
 14847 
 14876 
 14910 
 14944 
 14984 
 15025 
 15059 
 15086 
 15107 
 15127 
 15149 
 15177 
 15209 
 15240 
 15260 
 15284 
 15312 
 15345 
 15374 
 15408 
 15441 
 15471 
 15502 
 15532 
 15561 
 15586 
 15609 
 15630 
 15655 
 15682 
 15709 
 15731 
 15761 
 15790 
 15816 
 15842 
 15860 
 15885 
 15911 
 15944 
 15970 
 16000 
 16024 
 16054 
 16087 
 16121 
 16148 
 16164 
 16181 
 16203 
 16228 
 16256 
 16280 
 16301 
 16326 
 16345 
 16369 
 16387 
 16404 
 16419 
 16441 
 16465 
 16488 
 16514 
 16542 
 16573 
 16601 
 16632 
 16660 
 16679 
 16704 
 16725 
 16749 
 16771 
 16793 
 16817 
 16840 
 16864 
 16886 
 16911 
 16942 
 16974 
 17001 
 17031 
 17048 
 17067 
 17091 
 17113 
 17134 
 17150 
 17164 
 17184 
 17211 
 17241 
 17268 
 17294 
 17317 
 17335 
 17351 
 17376 
 17403 
 17429 
 17459 
 17490 
 17519 
 17550 
 17575 
 17598 
 17620 
 17644 
 17671 
 17693 
 17721 
 17749 
 17772 
 17794 
 17820 
 17842 
 17865 
 17887 
 17907 
 17931 
 17955 
 17977 
 18002 
 18023 
 18047 
 18071 
 18092 
 18113 
 18134 
 18152 
 18173 
 18191 
 18209 
 18225 
 18243 
 18266 
 18296 
 18317 
 18335 
 18353 
 18374 
 18393 
 18420 
 18443 
 18465 
 18484 
 18502 
 18521 
 18541 
 18564 
 18578 
 18596 
 18619 
 18640 
 18663 
 18681 
 18701 
 18727 
 18753 
 18773 
 18793 
 18806 
 18825 
 18848 
 18872 
 18897 
 18922 
 18938 
 18953 
 18968 
 18992 
 19017 
 19040 
 19060 
 19080 
 19098 
 19120 
 19142 
 19161 
 19181 
 19197 
 19214 
 19235 
 19250 
 19266 
 19293 
 19317 
 19337 
 19361 
 19380 
 19392 
 19407 
 19419 
 19440 
 19450 
 19466 
 19479 
 19500 
 19520 
 19538 
 19554 
 19571 
 19594 
 19612 
 19628 
 19646 
 19660 
 19671 
 19688 
 19712 
 19737 
 19759 
 19779 
 19804 
 19825 
 19838 
 19857 
 19880 
 19901 
 19917 
 19933 
 19947 
 19965 
 19981 
 20000 
 20022 
 20040 
 20059 
 20081 
 20104 
 20120 
 20136 
 20151 
 20164 
 20176 
 20192 
 20214 
 20234 
 20247 
 20263 
 20282 
 20297 
 20319 
 20343 
 20365 
 20386 
 20401 
 20416 
 20428 
 20444 
 20459 
 20478 
 20495 
 20513 
 20540 
 20566 
 20592 
 20613 
 20630 
 20648 
 20664 
 20679 
 20693 
 20710 
 20724 
 20733 
 20745 
 20760 
 20772 
 20781 
 20795 
 20811 
 20824 
 20841 
 20864 
 20884 
 20905 
 20929 
 20957 
 20982 
 21006 
 21024 
 21036 
 21053 
 21083 
 21108 
 21133 
 21153 
 21173 
 21191 
 21207 
 21224 
 21240 
 21262 
 21285 
 21313 
 21329 
 21343 
 21362 
 21384 
 21399 
 21412 
 21422 
 21437 
 21450 
 21462 
 21477 
 21490 
 21493 
 21502 
 21508 
 21517 
 21532 
 21550 
 21576 
 21599 
 21617 
 21632 
 21648 
 21665 
 21673 
 21683 
 21695 
 21706 
 21712 
 21729 
 21743 
 21761 
 21775 
 21790 
 21802 
 21812 
 21827 
 21832 
 21841 
 21854 
 21867 
 21887 
 21907 
 21925 
 21940 
 21949 
 21961 
 21973 
 21980 
 22001 
 22019 
 22027 
 22041 
 22062 
 22082 
 22094 
 22114 
 22128 
 22136 
 22141 
 22147 
 22158 
 22170 
 22187 
 22202 
 22212 
 22226 
 22244 
 22256 
 22268 
 22284 
 22304 
 22321 
 22338 
 22352 
 22369 
 22386 
 22395 
 22406 
 22421 
 22435 
 22444 
 22444 
 22450 
 22464 
 22484 
 22506 
 22536 
 22555 
 22575 
 22592 
 22601 
 22614 
 22626 
 22636 
 22654 
 22667 
 22682 
 22697 
 22713 
 22732 
 22746 
 22758 
 22765 
 22771 
 22774 
 22773 
 22793 
 22815 
 22832 
 22853 
 22871 
 22887 
 22902 
 22919 
 22938 
 22949 
 22964 
 22976 
 22992 
 23010 
 23028 
 23045 
 23064 
 23075 
 23087 
 23101 
 23113 
 23123 
 23134 
 23139 
 23142 
 23151 
 23160 
 23165 
 23178 
 23190 
 23208 
 23222 
 23239 
 23257 
 23277 
 23291 
 23308 
 23321 
 23329 
 23339 
 23350 
 23366 
 23383 
 23398 
 23413 
 23427 
 23446 
 23458 
 23469 
 23477 
 23492 
 23500 
 23513 
 23526 
 23533 
 23540 
 23553 
 23567 
 23580 
 23587 
 23597 
 23610 
 23628 
 23642 
 23650 
 23661 
 23671 
 23679 
 23686 
 23695 
 23708 
 23709 
 23706 
 23708 
 23713 
 23723 
 23733 
 23742 
 23752 
 23759 
 23773 
 23778 
 23786 
 23793 
 23803 
 23814 
 23827 
 23840 
 23852 
 23860 
 23869 
 23881 
 23891 
 23901 
 23901 
 23901 
 23908 
 23924 
 23931 
 23943 
 23951 
 23960 
 23970 
 23980 
 23990 
 24007 
 24021 
 24039 
 24049 
 24061 
 24075 
 24083 
 24090 
 24097 
 24102 
 24103 
 24101 
 24085 
 24064 
 24038 
 24003 
 23946 
 23861 
 23727 
 23544 
 23296 
 22983 
 22605 
 22163 
 21662 
 21113 
 20522 
 19878 
 19193 
 18483 
 17763 
 17064 
 16373 
 15700 
 15055 
 14465 
 13938 
 13445 
 13003 
 12597 
 12245 
 11935 
 11661 
 11436 
 11256 
 11101 
 10966 
 10854 
 10771 
 10725 
 10717 
 10732 
 10759 
 10787 
 10817 
 10855 
 10893 
 10924 
 10961 
 10996 
 11034 
 11072 
 11107 
 11137 
 11166 
 11195 
 11224 
 11256 
 11288 
 11315 
 11346 
 11381 
 11418 
 11457 
 11488 
 11518 
 11549 
 11584 
 11617 
 11648 
 11672 
 11706 
 11743 
 11777 
 11811 
 11842 
 11883 
 11918 
 11954 
 11986 
 12021 
 12056 
 12085 
 12112 
 12144 
 12177 
 12209 
 12236 
 12264 
 12294 
 12330 
 12361 
 12401 
 12436 
 12462 
 12493 
 12534 
 12574 
 12609 
 12645 
 12676 
 12707 
 12733 
 12762 
 12794 
 12824 
 12855 
 12891 
 12927 
 12962 
 12987 
 13017 
 13044 
 13064 
 13094 
 13127 
 13161 
 13198 
 13226 
 13258 
 13290 
 13324 
 13358 
 13391 
 13417 
 13446 
 13470 
 13498 
 13532 
 13564 
 13599 
 13636 
 13669 
 13700 
 13728 
 13759 
 13793 
 13821 
 13848 
 13878 
 13905 
 13934 
 13969 
 14001 
 14026 
 14046 
 14066 
 14086 
 14110 
 14136 
 14158 
 14186 
 14212 
 14243 
 14271 
 14301 
 14333 
 14360 
 14392 
 14426 
 14450 
 14478 
 14510 
 14538 
 14568 
 14600 
 14629 
 14657 
 14689 
 14716 
 14738 
 14766 
 14799 
 14836 
 14870 
 14905 
 14930 
 14953 
 14977 
 15004 
 15034 
 15062 
 15092 
 15124 
 15152 
 15181 
 15211 
 15237 
 15269 
 15299 
 15325 
 15351 
 15379 
 15405 
 15430 
 15454 
 15479 
 15507 
 15534 
 15560 
 15589 
 15620 
 15652 
 15678 
 15708 
 15741 
 15774 
 15800 
 15829 
 15854 
 15882 
 15908 
 15935 
 15967 
 15996 
 16028 
 16053 
 16084 
 16113 
 16141 
 16167 
 16187 
 16203 
 16222 
 16246 
 16271 
 16296 
 16323 
 16343 
 16363 
 16384 
 16398 
 16419 
 16443 
 16465 
 16487 
 16516 
 16553 
 16584 
 16612 
 16640 
 16663 
 16690 
 16724 
 16749 
 16778 
 16808 
 16839 
 16868 
 16897 
 16925 
 16948 
 16968 
 16988 
 17014 
 17040 
 17064 
 17087 
 17106 
 17125 
 17144 
 17165 
 17187 
 17211 
 17231 
 17252 
 17278 
 17306 
 17334 
 17358 
 17386 
 17411 
 17439 
 17465 
 17493 
 17523 
 17550 
 17571 
 17601 
 17629 
 17655 
 17677 
 17702 
 17728 
 17755 
 17782 
 17799 
 17820 
 17841 
 17869 
 17896 
 17919 
 17940 
 17964 
 17983 
 18011 
 18039 
 18066 
 18092 
 18116 
 18146 
 18171 
 18192 
 18218 
 18244 
 18269 
 18286 
 18311 
 18336 
 18360 
 18392 
 18416 
 18436 
 18454 
 18473 
 18490 
 18509 
 18533 
 18555 
 18573 
 18589 
 18604 
 18618 
 18636 
 18655 
 18679 
 18695 
 18714 
 18735 
 18755 
 18777 
 18800 
 18825 
 18855 
 18879 
 18896 
 18918 
 18938 
 18956 
 18976 
 18993 
 19010 
 19032 
 19050 
 19070 
 19089 
 19112 
 19133 
 19156 
 19180 
 19200 
 19226 
 19243 
 19255 
